2605.71280302  3671.10753381    18.57936511
6770.77062907  3632.65931571    18.86846336
8863.72325339  3204.74385872    19.57346193
7360.74294217  3932.9653619     19.87201177
10156.86494236   8481.96147278     18.72231147
5413.91961756  8192.35420227    18.31470814
10756.62299355   8465.11768171     18.40420797
2718.34838787  7600.45805584    18.58638428
5208.0027976   2388.11903209    18.44694579
7874.49802624  7236.65824393    19.42379408
5693.00723978  2165.18562782    19.77584121
8329.79205456  2858.97837328    19.55514979
6345.04910734  7064.02612017    18.5318743
9952.66837436  1677.29345507    19.2145877
7389.40121998  2517.3056599     19.23177808
4528.94079909   679.21840195    18.414512
3479.64667019  8692.5197456     19.79395306
6059.98559929  8374.91080877    18.01230262
7129.33155164  8740.52578379    18.88361857
9553.86681185  7686.09067767    19.16671853
10933.27207538   5737.38733941     19.93026302
6992.53324682  7242.04647811    19.91071399
1883.96688934  8613.59848139    19.96595689
1050.00666607  3153.04297763    19.84159567
1297.3926734   3129.88117026    19.58647586
5799.61372718  7796.59664579    19.29506037
10275.90311009   8716.41350635     18.68722081
1088.46752904  8248.47555795    18.48961683
9116.27211748  5851.78266277    19.18442616
8124.74477682  1567.8208305     19.43965393
7792.88439088  2446.11269545    18.30229759
8758.49030037  2338.01264336    18.86276885
159.36841464  5903.38167962    18.58079672
6316.77680333  3454.64877714    19.65834935
6769.80698765  5235.10757745    19.57736924
5227.35678018  5558.64384189    19.09429998
2831.0586634    312.83729104    18.89676574
10847.88664208   8279.48738209     18.68475493
9850.72870766  4423.947047      19.62103637
8248.14873726   714.13878644    19.13714517
2461.11794649  2080.68814689    18.87988004
283.92215846  2768.9645798     18.60503851
6402.54019297  3083.48905723    18.41835284
5690.25364735  4621.15499252    18.68176362
10376.12006034   6066.23106142     18.49783623
5560.15700491  3872.21043344    18.73268856
1690.3707803   1487.16095064    19.50381146
2932.05963288  8149.09020532    18.68488593
4024.58054083  5229.13598896    19.53446986
1466.03005122  8134.3438313     19.11661111
59.05984631  7598.02971718    19.47878169
2707.61941882  2486.71220742    18.04414759
9164.70458818  8308.8207521     19.26796486
9752.66958653  5425.92360853    19.2946009
6272.97853536  2682.73693806    18.30479944
3433.8849783   5875.51959916    19.81427465
9132.78854747  5574.59443478    18.49067916
6235.78071436  2832.38439242    19.8949646
2399.26020137  2337.68068522    18.6558006
2762.22917056  7323.31180794    18.20691491
5780.98872134  3057.86942694    18.44305021
3504.92659688  4597.13504849    18.35247831
7031.85076076  8495.87130038    19.6713228
4357.94705923  5700.3116196     19.72427386
9749.43484076  8205.00914386    18.86431772
8535.58050845  5789.57120716    18.15099495
3251.65477804  1123.74941898    19.49884313
6125.19239194  3178.48091724    18.83072906
8321.41273902  8252.70059491    18.04505373
9149.49931466  3929.97714666    19.18413415
6189.17293101  4802.61056962    19.88432923
8809.90764323  8754.94936379    18.0937071
994.95083437  2253.0031041     18.62354384
10905.62716601    414.27240349     19.59898302
1795.99499477  6742.0914686     19.20773897
8256.75436939  4643.65383469    18.28470843
7161.99241097  3149.32141604    19.92427004
6321.33772538  2416.97543349    18.74394462
8991.21193045  7286.95119757    18.50879301
4094.36173757  7949.43605703    19.09297558
9767.46727625  6197.51527513    19.51143405
6386.50035614  3855.37890028    19.22158001
2719.34691327   888.97472656    18.98066131
4394.44813843  4831.52194545    19.43937876
1208.95038759  5904.45116269    18.43008797
45.89124823  4000.23601579    19.14827893
2674.63883997   601.13388149    18.30640218
5999.85212331  5996.81093204    18.96259721
2915.07993716  3373.05626453    18.61328627
4993.63602994   376.53869006    18.19551022
10916.33382611   7214.06929238     18.50006031
8644.48770349  4624.4751423     18.33640394
6302.03349944  5614.42418429    19.44434914
6990.27441894   579.78619161    19.16137416
2894.90063707  4091.4412802     18.23748675
9307.56607414  1093.98391342    19.37425857
9157.54554157  3183.19693561    19.6050036
4969.67635496  2487.27019045    19.57685735
6133.3937198   8675.85362531    19.65500314
7500.79948372   324.08455056    18.69036874
4428.68552492   607.91024505    18.74755955
5057.94612074  3491.86180886    18.84031128
7754.12200929  2854.64610344    19.12639316
3919.28411062  5020.8832569     18.0419099
5720.60675708   841.25395841    19.1271366
6934.62336124  7799.38407154    19.70971324
10722.80567189   1033.43333743     19.26064039
2045.1570873   8129.18833628    18.39846912
4542.61809883  4945.68583629    18.23201367
8200.03997388  6060.32620116    18.58906294
728.42427426  3589.60779257    19.14206054
3575.02452266  4270.85552914    19.79637624
1785.21271489  1871.73559972    18.98391186
11000.25193446    264.02512563     18.8901169
10979.04103743   1217.88452885     19.85733485
8899.49543074  3889.01990223    18.62168901
9610.837367    8512.8496874     19.10140145
10381.99100989   5990.77622391     19.48770556
3444.29538601  8643.43395653    19.13928182
8147.01179315  8124.3697881     19.54433568
8121.15100456   337.51145618    19.29767679
1382.97413681  3883.94166085    19.93683494
6079.06962739   939.8970144     18.95495778
10278.40300869   5165.68989773     19.51099041
5664.56052521  8671.46485585    19.92462206
6674.46547076  5598.39689508    18.48980107
951.01385243  2750.58090208    19.38514312
1374.98846355  5311.49545953    18.84680366
9314.63235002  5102.52359724    18.01971701
2486.90421034  1920.32257614    19.13653875
4591.04243019  3159.28746876    19.90114501
1633.53055311  5220.72018916    19.19953792
429.08021784  3338.31230917    19.30064872
2456.78946626    70.8031723     18.3102415
4657.26628187  8491.78778664    19.03409369
10401.51047924   5194.84189079     18.962083
9119.13799305  8674.79296088    19.73565898
3391.85873074  3018.05755146    18.80376305
1600.59890897  6952.41297634    18.74085455
10807.61469188   8478.26106789     18.14340899
3112.73900486  3118.41790082    18.91877515
2101.84464576  4810.70854231    18.22830124
10992.09870451   8181.40989282     19.87041108
8735.73310381  7111.58347266    19.00231321
5689.04656837  5251.95045786    19.2013244
5599.42400563  2965.18252357    19.8680716
10415.16872111   1038.75060681     19.19803716
565.56589376  519.41514363   18.58422231
860.48613101  8110.79387292    19.60570483
3994.61255487   819.1534014     18.4317976
7393.10861857  5971.20652055    18.88038852
6221.38993292  7127.94707428    19.22981349
2624.68802807  3976.67116489    18.15217437
9307.94119399  5661.84310094    19.76198008
8372.69899209  5998.40766134    18.89240374
4650.57581967  2463.92845938    19.91755524
6688.50179209  4194.4171594     19.85331903
4770.69785975  8237.39662486    18.32659401
4410.85751016  8083.99748556    19.26897118
6682.19481752  1076.76052639    18.03772977
2348.01925585  3912.98372419    18.10924595
5042.98304124   828.44599446    18.87928967
4451.67593538   567.74988659    19.35510434
7177.04648182  7120.43128763    19.92730985
6445.40510074  1829.33431691    19.03530967
10781.76434875   5741.64792645     19.19367817
5960.60842718  8487.57013686    18.19276587
2414.09124088  4567.94143135    18.77115221
11030.55161546   6588.11115553     18.32669867
4462.30468666   134.90834685    19.4099856
8840.10299034  5525.44144822    19.5560657
4945.42431049  8689.16520284    18.38160183
4326.9916555   5281.34910048    19.66051744
2418.84823118  8373.01039459    18.56306321
4554.4330713   4020.92445463    19.73939309
65.74570206  5357.89772525    18.67277409
9004.49214744  3795.35616104    19.24360415
8706.28236649  6388.00100837    18.2930158
10541.61077038   6608.01102624     18.2295563
4985.43323675  7489.72581434    18.10256179
6619.830454    1376.20936411    19.13349977
4429.29857853  2073.31433244    18.69644516
4699.87084722  2112.01435224    19.61270744
6921.20652273  2807.61693034    18.30944917
7611.2399646    927.98983567    18.42131273
7324.42022195  4957.05044221    19.74216407
9772.84843019  3309.49852239    18.13502667
2866.62918187  7380.2875891     18.8159879
4819.01114848  4885.1472737     19.98828469
2460.07180296  7059.12866058    18.15918572
4197.33411039  4499.94744328    18.88698984
10047.81112316   4009.8954914      19.76407546
353.24128705  5168.6433968     19.41522808
3615.99996988  2656.11128743    18.56149533
10383.56006745   2059.32958795     18.73540999
4791.0162718   2466.08156421    19.28753509
8523.04613823  2192.45463114    19.31283961
5229.30661722  1057.96749934    19.46205985
9848.96262106   603.4496976     18.00259169
6405.50665804  8720.11731588    18.14526851
10954.71487719   4095.77385309     18.51691264
10020.08652092   8731.15075101     18.40674662
182.16384629  6298.05464975    18.20204036
8090.25204265  2668.290972      19.3519121
4751.75720395  1072.52818244    19.93734761
255.40618456  334.85288243   18.59187978
10785.25530231   4106.43962862     18.61537826
6792.66446365   644.4671262     19.1640064
7631.40638734  5904.8718462     19.60353806
3088.8861924   7083.65009171    18.64804646
5218.46450767  3756.00068567    19.56445945
6648.18635408  7563.3012196     19.74842252
9339.65072503  2035.98223771    19.96576276
4513.35526524  8149.36439695    18.85508242
4850.70342201  4021.30285022    19.3887398
6981.36893055  8334.69773018    18.26946832
4640.47271134  4386.53305328    19.76374832
78.69134748  7985.57673428    19.70272596
5672.12537195  5546.71907758    19.04903262
9194.8933013   2734.80276461    19.52338457
10325.58206131    371.58928221     18.931869
7976.14112441  4068.5434057     18.39117595
4225.40857625  7181.21264212    18.53916652
6705.9309235   5798.03255927    18.69112947
3737.07592819  8680.08106975    19.2879393
5384.57366551  7412.03822786    19.17193523
6542.29267938  7485.99974405    18.15564683
10511.10082068   8222.20299195     19.5242721
8548.78812364  1091.37215383    19.20933664
8519.71432692  4672.73993269    19.01763554
4505.46621668  3533.30693698    18.41417619
1879.63920318  2424.66163449    18.85398908
6302.35730991  3050.12151748    19.11282301
1763.24183253  6519.86217644    19.27392755
3826.52105094  7877.19250383    18.77899687
6770.92115699   486.88542361    18.61544776
10442.99011029   4075.42987332     19.37309898
10944.03347438    378.24133028     19.7864659
8684.05521059  4258.57569829    18.5411834
3470.60619746   240.1870299     18.12751276
4198.20590466  6708.23420392    18.96505342
1049.24745271   543.55972852    19.22337771
4894.62377029  3695.68099789    18.05635992
7386.77445896  1992.92041826    18.82254853
8794.03654967  6389.98740984    18.57261594
10849.44277785   8040.47359307     18.33874981
10010.55410488   1432.88163793     18.22301231
8070.38815019  6183.41237768    19.66815639
4754.04998818  8695.17901933    19.52085987
3042.91731975    64.50664765    18.0491215
4538.75796949  5787.54780967    19.68705983
10565.6063668    2617.60969568     18.54113241
5752.84791721  5265.78668871    19.25626436
7658.03804607    17.68794632    18.55341219
8330.45628982   834.34297861    19.89827432
649.8761712   7415.80230779    19.99306411
10875.00501067   5286.07108432     19.36461984
9213.7358232   4336.17251506    18.63672066
9164.72046348  8408.55935395    19.10597663
7791.59951184  6548.09234858    19.06995733
6184.89167696  5472.8998153     19.98021675
8278.35895349  5184.19034288    19.76883355
8671.93355544  4427.404869      19.45560476
6839.58032276   836.05993401    18.51172831
4896.12772202  5608.56506868    18.94831552
2248.99759287  1550.91405277    19.98741335
1211.82777218  7697.70822087    19.06406277
1742.09694723  7940.605363      19.50115426
10715.62826452   3074.11652005     19.64917618
3776.24922512  5357.82310125    19.70684959
1957.1228129   7251.21856875    19.57255636
2295.95224325  4545.34982308    18.46620697
2547.16669874  7377.04748128    19.9517294
1102.70637728  1992.09392542    18.50999782
8111.82445477  2324.66049237    19.86512489
10113.48969164    612.83578199     19.70315658
3094.76216609  8502.11171968    19.94936337
1613.20738059  1367.52631949    19.21787631
4467.98456854  8177.6888003     18.7372676
3299.04767572   853.70875883    18.95385694
6959.74092215   921.20924922    18.68776178
6839.45058793  2507.38901172    18.2402073
8749.7111436    559.56486902    19.20367851
9745.605302     544.78634641    19.07431933
4831.22081561  1129.21323037    19.82720897
1871.55983543  3336.73026868    19.58622058
8242.16720092  3340.46245675    18.08870455
2253.50179647  6442.15579006    18.78975224
7585.00603736  3093.4162285     19.36354978
5027.10626544  8325.77627073    19.75570442
770.33378845  5618.1148849     18.2313037
7755.86145662  6676.49805967    19.86920507
8254.54129595  7247.79134991    19.84165124
1378.48469305   465.91805815    19.78404505
3337.69763147  6255.06437941    18.83846282
3655.8359065    782.70490934    19.50294959
2098.87108279  2827.29226723    19.19485036
8554.39166474  3627.44580084    18.46869241
1636.50701924  2002.61529779    19.63937104
7961.52515246  1843.63452561    19.32730527
9165.1050433   6376.84632744    18.83863533
10061.01913884   8601.66227602     19.91700267
6288.01332316  4873.53717642    19.59466101
4695.98561912  5851.88479759    18.79387398
2383.62303941  7851.27851071    19.70441571
9117.01442185  4740.64312814    19.75605096
10981.00087094   7673.69504689     19.26233267
6751.38660166  3280.0247586     19.19188633
40.0584016   462.52078213   19.37524758
4455.89036706  1481.07585007    19.23006545
2499.21416781  6302.30851584    19.40625944
10605.98648933   4231.04731128     19.99324744
10277.64349996   6623.36795629     18.29638362
1188.68070165  8223.14492536    19.75011135
4984.47881116  3817.1834455     19.24337837
4511.90451979  6895.83951873    19.69896461
7103.73387309  3462.53055511    18.04049185
6108.93837955  8108.93652026    19.07081474
2212.27950035  4445.0216918     19.9815057
9638.31002709  2539.30447586    19.57455969
6756.42191345  5477.66421525    18.2642854
8374.87457714  2508.12269403    19.56857711
9920.00828383  4870.46390758    19.19783848
7824.66639047  7446.80445078    19.7197808
8395.22373017  5745.45653429    19.86474859
6280.80668505  3117.84987091    19.04442065
5811.50278209  4013.14881154    18.85885039
8077.53182138  7885.69763455    18.19894726
2533.31123753    50.19900775    19.81798961
5207.73100325  7290.75893822    19.12919872
9049.77610025  3152.57095099    19.54899093
7554.96753347  1588.49712683    19.90830403
647.68829333  1609.99536315    18.35624544
6181.29387926  3890.81049284    18.25024603
5182.51513516  4381.98733287    19.79885907
8608.38874982  7688.18063619    19.05826621
1911.30569205  5725.46562361    18.99036923
8300.38603359  2138.42653503    19.87018805
8735.6126762   8150.25588645    19.52582831
10613.43120791   1587.11272158     19.431888
7937.82524567  7628.63293169    19.94986444
3241.07751405  6711.6997621     19.31635725
10882.01570653   1028.12459448     18.21311574
3658.60531596  7377.95559199    19.2489116
2519.89721611  5426.75530525    18.10924105
2319.38478276  3259.1028541     19.03972458
3172.91984062  3881.38686201    19.79906083
7074.15761798  4582.37896048    18.73670976
8448.38994808   913.76649223    19.37273596
10036.97284676   2094.35095268     18.34317482
10350.86078395   7957.46706345     18.71899462
2111.04995971  4995.42977225    18.59404256
9106.11850723  5620.84341663    19.57659364
9675.42608246  4523.26783124    19.88249475
7865.49218559  6168.59426519    18.52657854
7492.52177835  2403.42513254    19.47395842
8351.94666989   262.36990554    18.59111168
10921.22615517   7703.46375136     18.11656186
10126.92831058   6470.22634388     18.7337671
140.83921628  6644.2512639     19.19617292
8272.50460014  7676.15811119    18.6291857
6695.20269583  5208.96394691    18.58543202
9306.73627969  1996.96016349    18.0228511
4801.69413306  1913.24117509    19.1763222
8623.54831483  5571.72290442    19.45091128
495.54301118  130.6051459    18.9775097
9314.07867415   972.06648466    19.90087528
3723.28180437   600.11951471    19.23017393
7778.45711937  3426.60325246    19.93857841
4906.94743407  5904.42565834    19.74095372
8759.68609254  4230.87440037    18.60619555
5840.33403072  3217.72617305    19.69522438
1145.41746631  4238.92973397    18.99852019
9263.72915544  4657.95871821    19.89001809
5778.47306929  5648.26457633    18.58934564
5485.60209004  2564.58630703    19.01295026
11009.44221852   1769.67814035     18.80076398
10310.52340584   4372.52604677     19.74661183
3435.51985843  7284.8033127     18.04374832
1425.14227794  3746.10845459    19.98976464
10810.71097689   5476.02633944     19.22032513
10331.64396889   4605.67737548     18.44306564
7077.13261484  5962.00929823    18.67850576
4354.26236417  1572.37900541    18.66635493
1570.16353646  5308.4245989     19.35359239
7983.40005637  2324.65894154    19.44480129
8163.81861631  2244.96334581    18.11011339
342.69530889  2172.4015166     19.22888728
3404.67663369  3205.13660567    18.44650336
7295.40652246  2616.66984346    18.28484525
11028.08136739   4617.19778793     19.00868303
9743.35673211  8575.12862913    19.18988243
3895.28544331  2580.41552436    18.03710089
4879.30504344  2465.75191326    19.01701401
5238.32803919  2175.1040612     18.36597336
6495.24870335  3433.54886466    18.56494715
4702.18314748   771.28004405    18.21987998
1187.46669483  5478.17931791    19.04905654
8165.00504934  4266.65878525    19.94334667
5312.14143629  5177.85125788    18.50291031
3351.54246855  7643.7385887     18.95360828
5211.69788467   326.82662906    19.71372035
4000.04165879  1390.19766707    19.73168551
9314.56886631  1911.87753872    18.57253235
6121.99666551  3614.8012373     19.82478073
4347.68774499  7070.05654234    18.80185231
7075.62225679  5845.34144703    19.50858627
3857.34730164  7456.34441467    18.76507997
1411.45466567  1081.42979066    19.65095714
10141.05157414   6949.39066683     19.29651231
7020.74346051   356.88317146    18.35827831
4962.51180079  5598.50290648    19.92026341
3991.61483234  4876.73221287    19.61049132
7139.39201635  8117.62666557    18.97748947
4872.59274395   428.50659584    19.53727477
10772.31386942   1985.24264377     18.53900814
8224.17875084  4714.51730354    18.8962531
2580.66595024  7468.96482139    19.2358689
2098.18794326  4232.03590955    19.37117478
8902.71573956  4388.36102533    18.45823189
6579.42435149  2116.76154556    19.60628552
1308.23790097  1493.41811538    18.31970867
9021.75604354  8472.37520956    19.08734096
10646.34685151   7211.5627977      19.90237816
387.83128681  1801.28251472    18.06564705
1183.84978676  4891.37781154    18.06201297
3657.76120262  5391.34655152    18.86351883
647.7149057   3414.4700312     19.35764125
8491.07351182  4805.36562282    18.19038411
2250.7095877   1683.88766965    19.5814856
6337.74170257  4826.71727772    19.03863023
2475.88882168  8133.19441708    19.38613926
10917.57210757   7825.43638061     19.62937288
5232.31720174  1343.35943179    19.21367893
1122.68225532  4222.64766476    19.64005895
2091.18648068   570.69473831    19.30734323
3044.46609631  8633.03864773    19.91264828
5246.78171015  7325.74464321    18.34739333
6098.93108365  2454.58558198    19.16280852
8719.81897363  3395.35848088    18.57730865
7713.98770576   884.28124965    19.73007546
5715.9639041   7828.39723031    18.29987686
5390.47158462  6832.87384714    19.36672358
4524.74581774   284.87032976    18.31437876
10254.07004971   6454.55314184     18.72863918
6781.39732536  4693.23419644    19.66493462
3248.15242416   778.13871964    18.49825439
4930.65859824    21.86844759    18.41512842
9777.92327083  7223.21146655    18.04652697
362.39518871  3968.83404535    18.59677887
3738.35020828  7663.45518383    19.78770278
2893.78567428  1510.03124309    19.35765967
8409.43725992  5646.05463116    19.60695549
7502.35220479   577.9490007     18.974693
5170.44635194  5890.28110635    18.21180241
9038.75505163  3746.04934716    19.28671823
2823.08965919  1713.86510591    18.48298946
9478.81023459  2013.32436555    18.47126703
9139.3094506   3606.64935658    18.86469968
9823.41379951   885.75256603    19.32933216
4706.35282701  4949.26708732    18.67267743
1980.62218485  7242.62525454    19.99742376
9572.0833462   2544.88459323    18.07784803
6950.89162759  3228.94568982    19.60802455
6332.04078463  2157.34327991    18.76724867
10897.47485055   4405.84056423     18.71546248
2500.22927494  5009.55942718    18.78535649
1811.0552514   2189.44786852    19.52271235
9500.80113361  3176.56213781    18.66149722
3598.6741505   3145.67205131    19.30907045
10395.98330852   1365.38849567     18.68678667
2927.80677632  6056.16890131    19.61281787
10530.94578464   3568.73337563     18.43869931
2517.34706433  1670.45295463    19.91617483
6137.76291567  2990.86515067    18.34099578
8417.56209213  8018.69244177    19.41155393
559.105828    5880.64432781    18.53641625
2393.22671518  2229.628141      18.15403414
8993.01134405  4782.57140995    18.6709436
10008.90994902     46.28779647     18.71575563
3724.5477255   1754.35819395    19.42901371
6967.24583625  7500.7727052     19.22493682
5190.85053031  3919.24367682    18.56784727
1161.2174974   5292.34723822    19.30725534
2515.08908189  8423.1726768     19.61841556
5579.44794657  2346.46224933    18.79077147
3398.38210752  4751.79873922    18.35179031
2226.01611926  1319.9696387     19.54970082
6365.25498783  7160.51122878    18.75611845
9460.73396059  4371.74196661    19.58257532
5231.05628848  2654.5427362     19.69340333
2985.86548295  8485.6069434     19.01797782
8816.55812276  1656.7641891     19.00907272
3095.76173502  6475.12852751    18.00996221
9928.22664984  4225.02118271    19.91458548
4011.45335413  8499.12691418    18.94171394
9127.70360297  1070.97806725    18.68966704
10030.85052034   2015.43103488     19.28390371
7406.54437144  5268.57112984    18.46943338
2753.94784367   982.49470041    19.34801645
6974.45735946   703.43518867    19.42960831
9778.90903966  5810.8486641     18.20436951
1147.04455334  2952.70589147    18.06760124
6640.55164527  7295.14886108    19.27572669
2307.81740555  7757.82322708    18.29187163
7384.7571376   3711.39221554    19.49590545
2469.63159577   617.34103238    19.89327582
6885.30338986  3618.15361257    19.85145396
2697.1032316   6717.5590053     19.19767645
4523.75497138  6157.56678489    19.02963591
6324.35795279  5512.77946219    19.00376178
3359.51672356  3258.74870499    19.43230442
5024.97993467  2657.16315558    18.02717373
883.34622253  413.57326714   18.29192232
7537.49805464  4566.36593423    19.64966471
556.04861928  5228.30272314    19.19986333
4301.9213498   8115.80846481    19.16018821
2454.12200187  1856.35076382    18.36336154
5045.54233836  2166.09268957    18.92926564
1854.15969362  2280.09817871    18.61472887
9914.26162179  7927.12785925    19.1901048
989.92170057  1987.66562461    19.54948209
159.3326169   8152.13123246    19.73608362
3604.90679251  2179.76966489    18.99992626
9863.6050146   6449.80841067    19.2697029
2643.84359509  4238.19737319    18.3323624
1368.14284807  5742.0338711     19.37431694
7299.78288854  5380.80376944    18.43498101
5786.52835483  4013.73743852    19.94863879
2780.64669113  1165.10425863    18.07711467
8741.22676594    37.50745654    19.16951702
1580.76054476  8610.19452216    19.66864937
8097.15053172  4357.63091353    18.36372167
7855.47083688  3631.90556781    19.31366752
9334.12856775  8587.45609006    18.64280325
10957.31854836   5132.72748119     18.76817432
2041.48663398  5500.66714554    19.89139851
1522.42251823  4941.55126501    18.93756314
7773.43115651  2065.30917582    18.54298394
4264.91639771  1334.17113189    18.72842383
6679.60629576  3293.7713256     18.85008303
3347.56655496  3458.83503417    19.39166915
2236.54744657  6561.98058338    19.80951779
3357.36166642  2938.51886479    19.93545683
3003.48399857  6822.43513013    18.15433223
1832.83372653  8578.63988519    19.40908632
5629.12563777  8322.33492334    18.82041043
1612.44113112  6643.68133415    18.17352559
7675.60362976  7607.63359963    18.27331601
8593.85909772  2536.48341842    18.26914291
5565.53768601   614.87727202    18.91413906
8068.80491625  1161.34287143    18.86185706
1854.07179777  7421.12946886    19.45665931
10589.34100514   4684.60804154     18.43293627
918.4895023   2350.73971618    19.57123256
3016.35939819  3757.42403727    19.98865157
9211.06470462  1529.21228177    19.86849681
1878.5719862    268.74748172    19.11519176
9182.89165564  7164.25042476    18.21338641
2681.3004368   6014.27424388    18.52834413
295.84024759  2372.47649148    19.72452214
8240.11581544  7763.97124053    18.67384813
3528.06368659  5788.02993352    19.9702753
5459.61007487  2119.19552833    19.34114312
935.26711855  5939.86127696    19.05678974
9666.92366352  2942.68006085    19.88140559
7779.82446033  6297.68245003    18.91620139
10888.98874597   1998.30562946     18.55197561
10152.75556984   2532.99194741     18.22917053
1722.68749455  2876.45859743    18.30128752
6044.03687758  3564.91300051    18.94527115
8812.770204    6306.46444372    18.77694431
2781.22933199  4983.16138695    19.32782903
5305.68652286  3900.52583482    18.29084143
3213.71157553  1660.7753413     18.92515729
2654.95707789  4575.65604989    18.65293532
108.3230716   5982.25527063    18.33837977
1689.64093571  4432.35190517    19.82829211
10804.76224139   2115.30590466     19.65065487
6428.03046611  1280.06316048    18.82362504
4198.37061282  5515.1374827     19.77362082
5099.96820759   426.6805993     19.2262147
8612.12485548  5330.23033468    19.31813236
10745.14498226   4445.99038941     19.6604692
389.67192804  4596.23202799    18.97925088
8783.90149274  7656.69284695    19.83084287
8152.94053588   694.75982359    18.63167272
8904.9029401   2364.75742446    18.36842075
5853.0465946   2304.81062765    18.70653058
6455.59451038  3821.93158065    19.16633119
10648.07022631   4052.02885889     18.87950202
2040.35293084   597.71667365    19.12886884
9555.87968471  6715.93614215    18.92472365
4098.82615539  7386.65888358    19.21429659
4043.63517157  6071.77927142    18.26445496
8312.88095836  1835.92195201    18.01246371
9298.2533738    300.2612351     19.46963759
5094.48885499  8742.78532419    18.79764567
2784.72758989  4422.62356052    18.96915466
10581.00012847   5830.76276458     18.65452796
158.30432016  1992.57089334    19.96780035
3412.88282396  8469.98289378    18.65561145
341.17673754  6109.014354      19.24852059
4339.69003871  2150.0898508     18.24739227
9550.48421491  2588.5825435     18.13341564
7077.61033384  7718.36514878    18.87817777
10219.11322151   5194.06859449     19.78101439
10552.15018008   2384.72605646     19.48761863
1848.4221004   5774.32843799    18.71658906
6480.4260987   5978.4550137     18.38461125
10151.40126438   7888.14569587     18.23303555
5057.14530045  2971.73163493    19.99255398
9834.40565369  8154.87619863    18.39182641
8215.92631839  8347.28286749    19.58339075
5665.35617483  4463.80449674    18.96323416
6388.30253596  1553.15169695    19.30682282
7593.22190151  4968.8337506     19.1684767
3669.71340348  4839.29878465    18.95711699
7075.79132149  2305.79581131    18.0802775
9932.30003884  1598.52793835    18.98475388
3772.5288847   2051.78835024    18.82728047
6637.1917347  7448.2801224    18.2601426
26.1286981   8531.8594899     18.20486278
8838.51026706  7611.167373      19.20434694
5647.59325805  2298.76444457    18.29739261
1884.05343561  5150.94608475    19.64378722
3609.42867202  7809.18160645    19.4793292
505.69746126  2454.32277191    19.2464532
9448.58535749  6076.52314295    19.35840518
2577.22198945  4604.5136061     18.90758949
797.42563769  4722.3862016     18.79059022
9535.8920472   1981.81834812    19.24331974
556.68161364  5638.63917504    18.95324638
6549.39149707  6670.50983523    19.57984754
4519.20193475    63.41439745    18.06542653
6613.01927672  1546.4849096     18.74145971
3785.24856793  2493.42741176    19.08148855
6342.91258828  2970.22208222    18.64008821
5003.77076772  1916.26695088    18.41286341
9973.81715756  1195.53563633    19.7904535
7270.61217418  7624.06470005    18.89780912
8306.36356421  6308.25891094    19.31114831
4815.08555176  3356.4751078     19.53283069
8139.13533507  5918.05318297    18.97338238
4512.9805197   6090.99469906    18.89521323
3310.89661129   110.73657308    19.58369847
552.34266383  1006.39273643    19.79622313
2095.33317199  5875.85011573    18.79127764
352.90605609  3524.17839392    19.03266709
8740.89602876  4123.52254387    18.58887298
6695.29660579  5471.81601401    18.44937541
1026.78533815   502.29400294    19.33207478
2682.79511114  2098.8520932     18.37547912
9444.19121345  4741.57218678    19.75041972
8590.12975458  7016.42650405    18.51190355
6325.53378385  4709.15208329    18.98722591
1999.03401104  6788.6126587     18.03407344
5567.93588867  3521.21120405    18.33900435
1343.13658311  3495.05781844    18.79710235
6432.70936989  8308.54074162    18.4524121
4485.05557436  5913.10766031    19.33100509
6902.44471216  5006.9532942     18.02845799
767.58277152  3106.86740592    19.84380912
9313.3371306   8273.68265931    18.69701961
8200.13440319  7597.2658139     19.71928321
806.65478562  8549.50028654    18.32571323
3252.46674935  1852.1733185     18.37449521
8585.37819791  2488.10014622    18.58305949
1275.75748016  7855.4542466     18.80316741
10040.35187943   8394.68818474     18.4288038
7939.52415672  8516.81451718    19.15356109
61.27869561  4351.31472734    18.98862424
1649.92897698  2238.62324378    19.5086393
1168.87868086  5976.31206225    19.24574429
2662.63314306  6175.07594392    18.39753169
7225.48376583  3515.67582992    19.94902116
3365.81994292  8065.72148311    18.06731548
8811.5682131    461.85326558    18.83782756
4711.91503125  2533.24771947    18.30765198
7128.40886629  5290.72468356    19.05562593
1333.96965669  1740.60982368    18.35531439
2485.84473104   464.0336933     18.05028654
5091.54229598  4398.11100134    19.49621334
1125.37587446  4967.1210489     18.76620264
1125.33478552  7866.24960701    18.95419311
9184.7274551   6939.86061966    18.75368058
8228.53112023  6786.38201074    19.72004035
877.28832722  3946.10803931    18.73419032
2165.63045886  6874.22147401    19.2789198
1582.09227298  6876.72967279    18.09016291
8345.88854382  5187.68428003    19.11755194
6457.905092    5577.37931578    18.58014506
4851.07991016  4625.57340633    18.08846666
24.70401203  5968.3411286     18.48647261
4752.0118401   7519.67197796    19.80024844
6721.54522218   178.23075735    18.32387463
7750.74500584  7561.53124839    19.93593767
4606.36267948  1874.16892427    18.02487763
895.87944189  105.75535581   18.84618913
4290.63197417  5753.61899104    18.01006456
6561.71510167  7724.26991875    18.33167898
8217.27127187  1988.05270718    18.12679909
3537.20755338  8525.85190039    18.59033284
1870.94224388  2913.95093231    18.40167718
1916.43220853  5886.29299104    18.23192038
6123.814008    4596.97859064    18.99050571
4219.88602423  4109.36311834    18.97471721
3423.68551224  4169.27416241    18.07142033
9406.63297312  4008.61966856    18.19155751
2.80614652e+00   7.33446114e+03   1.98106693e+01
8969.62167219  3963.30657791    19.21355313
6102.5620793   5200.0576674     18.88355334
1948.4241446   3207.01068689    18.3314115
5289.42739459  3301.98231719    18.83438252
4939.26387852  5318.60858725    19.14493758
2042.71073121  3538.11047759    18.49630373
16.5368296   4040.97710129    19.90143394
10110.60360128   8538.3419838      19.42070333
10032.33086043   8151.40364163     19.30048769
2561.9697511   7890.30661241    19.69804037
9137.58300893  2186.93983369    19.90164291
8297.04962398  4658.31889874    18.76558107
7021.50749736  5353.78252454    19.67645067
8316.34181461  2395.67155425    18.75261027
1785.67713742  2355.60426487    18.03933725
6939.47597902  7028.14296833    19.21251627
2852.15149137  3662.06360199    19.33218441
9835.17078202  1959.14429332    18.09004248
6530.28955073  7108.33299106    19.15783743
1276.92207704  1700.05522797    19.54107536
6235.45183388  8469.21278031    19.4266745
345.88623531   46.3506785    19.93513601
10654.58277686    540.99252577     18.14868711
7720.16481752  4602.74104949    18.45844711
4521.61310715  4562.02244786    18.85666425
10175.97999952   5517.73474958     18.3306424
4751.70135401  5720.46028772    18.54675857
4132.00021724  3559.98226261    18.49177495
9510.44022492  5494.40238014    19.38139932
10849.6846849    3444.34027432     18.90990774
9294.81871608  4823.77869161    18.82610059
2868.84843026  3660.52621338    19.38480398
6378.6280414   2542.41258495    19.87174727
1959.88386375  3956.95354273    19.96309052
10458.49837239   7668.72399865     19.72165878
2852.17202176  6259.95066029    19.027788
7761.83904354  4918.63116742    18.5712964
3384.96515841  7278.8713586     18.81666271
6252.50977577  2493.84563561    19.18799943
7753.58629023  2640.71497395    18.92924636
3159.0472199   8151.23021906    19.50088972
8604.47677522  6281.2809908     18.04201195
10897.48978407   3111.96643329     18.24717958
379.9104286   4084.39352713    18.04504555
9651.09734548  4253.50047743    19.3601085
9272.25933757  4597.51938981    18.59441367
1913.74512532  4042.5437767     19.21717539
5164.62869025  5341.53253931    19.55722695
10002.99261142    403.30350883     19.779614
7803.64049444    40.13583952    19.56687218
1981.63608642  7738.51022341    18.13576576
7579.11556034  8069.87770701    18.97653069
2808.13574452  3197.34683864    18.23366574
2939.5253729   6821.94524416    18.54402754
7544.78836109  6507.34388702    18.01351651
3939.15038258  6018.19968872    19.41470841
301.13731814  7552.81411494    19.43107439
4944.09359757  8710.84646611    19.26426959
7677.85478171  3081.31670993    19.05642172
694.39318116  4082.03348187    19.33026377
1496.03198147   349.16194403    18.44928078
7710.51989397  2950.06773238    18.3761676
3705.57671729  5670.44224038    18.25217779
10321.34101733   3278.62565652     18.84444724
4891.59210724  1917.50943157    18.67248936
10560.26940319    165.49741663     19.6363752
1724.46009537  3196.0755747     19.46480773
885.04150803    1.09574379   19.67926759
9100.02812599  1658.08798866    18.18971552
3547.88729974  1629.09186525    19.16181925
909.08031695  4963.13112307    19.04483689
9835.66765253  2819.1727417     19.39831784
4661.82425766  3924.65779153    19.66098781
3891.16266118   313.37395394    18.69249514
7597.5144184   5426.23027825    19.6028795
718.37243852  8033.63686406    19.70703205
7793.03262797  1314.51528984    19.05164921
2901.49374448  7384.43220443    19.37288626
1015.81509703  4932.13561939    18.15282214
2258.21206582  1485.31472462    19.36488491
3394.44369395  7674.96154905    18.63879933
7875.99036352  3833.57411553    18.97990731
4843.60078049  2011.40265984    18.52848342
4657.88760876  2054.32825517    18.09758177
5563.36476501  8448.878621      18.33435753
6804.17806387   336.71515572    18.04202463
7864.03322241  2326.36277545    18.0376763
414.59273357  4428.60851346    19.66244779
4835.91312406  5425.51189917    18.35384282
4165.7244247   2283.53656434    19.6582123
561.51454573  7337.88220109    18.38689186
2429.79725977  5275.10078248    18.36084867
8258.69464779  7370.65027094    19.30915064
2044.32179217   850.66540526    19.67193219
7437.1289432   1443.49606957    19.39348524
299.23956337  4418.24344792    18.97348061
3215.79892837  6411.53725108    18.68671754
21.14642597  3178.60677256    19.19372343
9125.71155428   823.43717674    18.44033569
6399.72864256  5577.57667807    19.17481027
2775.40833155  6100.89243896    18.57747383
1615.99616401  4663.48900873    18.725612
2009.52124974  4539.32003355    18.48814271
3585.44169113  3142.19797951    19.56829828
4908.19946748  5124.77054612    18.31726836
1740.54056284  1422.78043961    19.50200536
2272.16926695  4732.34171817    18.20304525
4566.24836619  5007.48437406    18.1134613
2673.77918232  8528.61641027    19.91621973
4508.61699371  4088.76427691    18.58377086
8283.38347789  8267.25770933    18.75304674
7277.71233819   353.77611865    18.35080327
4465.7271394   4644.80997096    18.35385568
3239.02316785  5040.87233539    19.94790152
103.28915937  3752.59554393    18.99585261
440.04598973  2084.57752054    18.61547179
2474.63863916  4115.15896617    18.46803474
8514.02087633  3019.84681679    18.97516914
3181.68873725  3794.20524875    18.36191308
2164.03991007   475.32690052    18.63845896
1631.28075792  6329.32118672    19.45832575
5774.1360427    194.60565089    19.38943564
5657.15140553  6031.47136713    18.13312921
6204.43530212  1531.23545611    19.93549525
2080.26120592  7740.19467593    18.98268598
5980.88069118  2493.09763483    18.41000243
1021.40957078   839.71430818    19.25219039
3537.87118431  5386.73841968    19.37656201
8039.07215436  2251.22821721    18.49775985
4305.82899825  5944.9312238     19.15324436
5415.18006085  2887.42323245    19.95441225
2170.24142544  4152.35811282    18.88149116
3049.14731484   407.08895735    18.73390244
1932.14402607  3052.01144933    18.29499941
19.5890654   4040.81517911    18.75625815
5971.9890347   7311.93438497    19.73373215
3486.56605596  2579.63972436    19.90230332
7650.55739574  2045.34964633    18.35402801
4749.54354026  2905.6323222     19.96955906
6145.95966549  3274.07151158    19.88807809
692.62315737  3006.99780253    19.91579543
4949.62022778  6261.24151269    18.82167293
10444.68719485   6235.19845434     18.98626766
9319.28351587  8501.01062857    19.89529737
7983.50632171  5618.74482751    18.12906972
1614.03030719  7904.69259778    19.18236061
1759.49242565  4619.28506073    19.49416422
8822.06867963  1768.91431676    18.42880503
2321.37352278  5294.53483793    19.50749735
7628.9248064   4241.68238428    18.11966201
4733.65979493  5783.09428152    18.81140028
7194.52320614   183.82665956    18.37177986
8522.26496838  7004.70350955    18.72759838
3082.14866137  8679.11718302    19.41431566
10262.25725468     41.88341837     18.45589524
4459.80598141  7941.09240922    19.12862025
2117.47556768   525.63268423    19.23149207
5900.92973224  6173.24818369    18.25397947
5242.36119976  2470.94409069    18.24607281
2521.73169699  2664.75068358    19.48749994
2638.23870522  8194.65023403    18.40273386
3646.42358132  7112.26557017    19.7606542
9350.27768883  3681.0050609     18.30122842
8101.51565959  7462.33752332    18.96085892
10713.33412237   4512.34761486     18.20483956
4944.59832276  7204.78061586    19.26261118
7472.04727409  6794.04585081    18.26547918
7874.60961897  4386.80682278    19.39660325
9231.19449071  4271.67964362    19.19198887
4855.20773076  4141.42494119    18.62664815
2288.36198952   948.17258553    19.94974557
8341.98753315  2132.08191413    19.86390119
1999.60448968  1629.89885349    18.61034029
8959.86262702  2413.41669483    19.36672217
3130.15277096  6739.57773495    18.94291626
9051.66789434  3763.39472456    18.60690088
2739.11127522  4661.61689876    19.97673082
9219.91094043  3549.69361603    19.67241135
4696.8465038   7442.78443717    19.29557089
5474.96872179  5366.10835941    19.22111394
5913.53907318  3708.41509811    19.37914869
3202.52746455  7443.15759851    18.83554228
4942.29081249  6628.15281465    18.43932919
31.34212919  3739.27461957    19.93141581
4131.13210324  7944.59857757    18.13816236
1588.46073839  6370.56304257    18.58120396
9170.12136651  7747.41574843    18.76593449
441.42795621  1604.21151928    18.49530122
5889.65457645  2122.51627786    18.93136295
135.63817219  154.02138348   19.16122967
879.66971001  8008.47244138    18.78837377
9526.81020548  4250.2914909     18.61098889
3967.54685889  7130.88981296    19.25562807
1027.21733585  8103.37217216    19.63718554
4011.72182836  8007.97749664    18.13300727
987.05520462  961.01620916   18.54214365
5914.98820674  3812.99018296    19.60374655
9849.67326995  4147.85762079    18.22294169
931.79084433  8687.03396453    19.91119223
7343.59615603  3984.59663121    18.17655015
4116.41351463  3327.61640099    19.70597717
8135.35464867  2907.9910935     19.96743533
2955.74035512  4011.60187809    19.98916738
6341.97469027  1110.94094125    18.98062035
371.1190222   7212.95520474    19.74915331
1635.09992338  6452.55601393    19.01885016
3271.90958282  3726.1473655     18.16928898
7269.79811296  6690.8352927     19.45589635
3167.22819308  2522.83587729    19.13040721
3486.5515209   2586.072445      19.15463166
4638.0576497   4400.18604532    18.63879146
9912.78779428  6564.38343703    19.68700873
7118.05701751  7931.23636091    19.05436066
3608.06298598   759.57677333    19.95446206
666.79495084  1182.49605301    18.95412308
6328.8863172   8718.19981033    18.45044269
5886.65223046  5052.82437714    19.09787959
4593.41024434  3180.40168513    18.46359164
2771.07357277  2172.27528066    19.24674241
10933.09868914    116.14169862     19.92574054
1635.77183001  5722.03181594    18.45883988
3702.11887617  3137.22306888    19.44093219
7332.83621717  3697.90805391    19.29687469
632.57868619  4842.42143824    19.62629341
8498.46279663  4536.87647657    18.64010386
2680.43478994  8067.34131861    18.43659408
940.01717867  5024.95993237    19.38637232
2158.75465977     2.7264948     19.7687366
6247.93892379  6098.14822403    18.80062718
6274.47743932  1719.82906085    19.6567513
5964.86267324  3101.31252734    18.00354981
2767.56666718  6341.64073945    19.91967679
8695.9275431   4047.71806264    19.9638676
5580.36207245   848.13008326    18.06450171
10057.64695321   5828.77854486     19.0135765
6787.98349787  5748.55966718    18.11822988
11006.05538077   8449.95926141     19.20470617
4352.33707968  1761.13448068    18.38931229
3888.76391677  1873.51529814    18.75778619
9410.91284055  2237.45619395    19.75113928
4254.68053051  4082.07154296    19.71822241
10945.85048264   6510.43491955     19.02698837
2826.41718954  7737.1059135     19.41716218
6962.56720306  4049.76105846    18.8923466
1091.80053151  5226.63829924    18.66526113
4819.35396228  2859.0548104     19.92491397
7946.54772223  5269.32860848    19.34192323
398.33599379  3576.78875018    18.0207946
2711.19163676  2832.01464308    19.49164093
9448.57526633  1845.9531393     19.22957805
8745.81884116  2908.72550531    18.37633205
735.99171485  5781.64975859    18.49532084
2050.91555697  7888.47726634    19.80262289
10059.89974584   4287.66083534     18.60900603
5404.5093089   3567.48265126    19.92756973
7326.84866644  4309.00684295    18.17965702
6189.33265585  1233.79356811    18.17472935
3365.0795565   1887.71188996    18.63191538
7306.69126988  1729.64673709    18.84337812
5346.33355949  2238.41671259    19.68506152
6246.66650276  7130.4972344     18.77413465
881.89934053  7676.97440429    19.63739523
7730.17733874  6503.55861306    19.0666921
5860.9193435   7006.96142889    18.58526247
10509.76450784   1109.84141388     19.03591673
2618.90326877  4213.72595569    19.5031022
6106.46264294  7836.03198008    18.64592704
8090.20620426  7861.47387577    18.90287433
6588.87184205   108.42062986    18.36731104
6120.9279814   1263.06602377    19.28789604
7310.46184768  3668.03964517    19.2598244
4068.90890799  1924.01076372    19.22845042
4885.79710613   942.81622008    19.66062218
10392.05106385   1064.23429832     18.21313587
123.21319092  796.71713777   18.96882977
5991.89873802  7980.65817373    19.08657334
330.52054489  8748.37268457    19.3745006
8306.85382487  7947.96044213    19.09209069
8547.458137    3298.04657252    19.60067837
8158.8082056    961.15159158    19.14863148
1559.59019828  3970.13665055    18.9163478
5296.98012359  7979.6548706     19.71356263
9874.7014848   2005.13437066    18.84090838
9839.94701951   440.62068194    19.21635666
2559.52599117  6868.09740442    19.2827157
3823.73559355   906.49809473    18.09525478
1121.19680409  2261.23664146    19.47644204
4109.71448628  4866.38153616    18.95257509
10839.79525377   6966.13180089     18.3208571
9275.09401555  6977.26503894    19.54449988
